========================================================================================= 
1.0E-15
1.0
hidden weights 
0.05332932051648311
0.6108406310642222
0.49578799079755914
0.2342286496364728
0.6832103091897332
0.12381719289341027
0.10371535127090731
0.570572721265688
0.10032784973816156
0.32065463659832566
0.3171371885228314
0.685170390114929
0.9935979467389258
0.04813138334976843
0.8570300191221127
0.367906715531204
0.4981741079714437
0.18463990144902115
0.10906945291114725
0.2183791544710599
0.908479678070763
output weights 
0.7828383178692293
0.18559064246755771
0.6244629721706695
0.45089965215786637
0.9817567446503891
0.7082134958046222
0.9018781978017067
0.6909154670154573
0.01708249005103269
0.7607296644198067
0.13447860093372518
0.0017185241574194682
0.83719159631947
0.7281074801703271
0.14497371709370002
0.9183536143927521
0.13879114822744085
0.4933562921123979
0.17405473621642495
0.5305233320169738
0.7211456603672783
0.8022262478662576
0.29955644719893854
0.5880217874659779
0.92224624300668
0.25336516684753735
0.4829486697487434
0.5177521929028134
0.20162584011318546
0.9434473895922981
0.9721366694680362
0.08280959366737908
0.4731528815423517
0.6991080941168537
0.603714593231108
0.5459415811318574
0.6893368352843262
0.49392702761757845
0.32638051468019436
0.8164346831955636
0.8647652111938159
0.7926558498548164
0.730757460002041
0.7831947598370204
0.6872942210240619
0.8472323460838199
0.5326294711466248
0.9696250074709343
0.08179333149990613
0.746033954891581
0.0649238116198214
0.2943566017573726
0.4135440439508002
0.16762188626014846
0.2707748009060818
0.4054105153727071
0.6080969005470652
0.5655724298445363
0.9397797770225041
0.40798482636265243
0.3279980263309359
0.9136450241909896
0.05722907836625477
0.6226317267790415
0.35773632386816856
0.781558365442476
0.3976307749018496
0.7373255285310497
0.7217205960085806
0.11676977693633829
0.2652821807728095
0.7815756588811603
0.7872557857539402
0.6494474649762084
0.056939538577210264
0.575220271990958
0.060401948267775174
0.7486530110864805
0.28006976021255414
0.4400126503966865
0.6389311549861864
0.9285101441516027
0.4851236578035441
0.0934619979965486
0.8674605313302715
0.8799497956985243
0.22199947237597542
0.2706008043471422
0.6743896084468667
0.4440399219486108
0.7964460304083579
0.2573288800171405
0.4327536617029579
0.3771974879543048
0.22009566894734317
0.0686945461497836
2.0
hidden weights 
0.3407832856897991
0.5369312344130972
0.5854637300224781
0.7363742827733871
0.4337817490291085
0.02984751828490961
0.2681644343696
0.11482068302694522
0.44321292739541607
0.6559586776427433
0.5905750582499263
0.7399628259941925
0.7325015053730338
0.38932377680785923
0.4018106577817699
0.13695597621317018
0.6363321569822555
0.5509423078215683
0.3679798413511254
0.9233954550032185
0.6255661592427968
output weights 
0.3191969271726265
0.6458137226419979
0.8074834053723401
0.648373960345267
0.3760264680281716
0.835112308620848
0.16073202718182908
0.9265449924853194
0.03994542032852244
0.41127112577311775
0.9908711308959496
0.2320715227055565
0.9785341680146047
0.926067660559943
0.3840579404383533
0.09948591953719572
0.1296906249686303
0.9633299764625882
0.8677900858427108
0.9644690687029247
0.8382059460925688
0.09707427959348844
0.6848496482738755
0.43191931822291235
0.4558586734931623
0.7083336328898922
0.9989418962625145
0.7990366473084859
0.9299077211019845
0.42412401698714813
0.6910825680089733
0.1935850310715334
0.7179931451294003
0.8057122949090587
0.3395487146251126
0.8461580435009856
0.6828416190435571
0.12510800619042917
0.8669661293023003
0.6470391467746752
0.820674844031539
0.5207716128464154
0.5422789719106457
0.036598501912165564
0.9454754216627359
0.644282085274582
0.09020692856176975
0.3770860770249902
0.7637914988401143
0.4137304046759374
0.006822319961894006
0.9289548243232593
0.5689801163709971
0.30764395349013746
0.33034840763493645
0.084099534527241
0.9167426176983158
0.6662988265068384
0.44898110960362003
0.23789323135300777
0.9800388400023384
0.6889553380481628
0.09803766828447187
0.24805461524739347
0.2665811181340416
0.6689750080038582
0.8485268933908361
0.9678714009145212
0.1528106086638766
0.6606093640191816
0.24891834899797696
0.3955701409447831
0.4812464438508162
0.3897763671303598
0.40634285800573333
0.9766679227151475
0.7474904073938208
0.708706660898063
0.9129167218821664
0.47034847811212804
0.9838356368094044
0.8170678191287131
0.7623959577429247
0.18052054282591892
0.9078748879324423
0.7703846939032921
0.9531713748366927
0.16217540260997226
0.6934659874307227
0.4523901766333698
0.536350150485181
0.1536762918633362
0.44229186201823173
0.22788645454884565
0.10236067461223643
0.9091758567768838
3.0
hidden weights 
0.037661622763724235
0.0034324463677587887
0.0016889769630401832
0.5398610569762358
0.7935418752794281
0.7537461163172582
0.9196209792668382
0.6066235284586577
0.5363978965850762
0.6506387108613454
0.5789929892528848
0.6991654321417619
0.22119139789815326
0.2750428153685359
0.9155466813368822
0.15562192096748684
0.41344795011685986
0.982076802783443
0.22773246932363264
0.05842410465949486
0.12859274029793683
output weights 
0.9721565833483654
0.8346717809508513
0.8005614160034612
0.32317314909481076
0.3973209024486598
0.8527585746376665
0.4746219240916948
0.703264260383777
0.8396588263681781
0.07026431468644204
0.4216293949410902
0.45422360013475155
0.14920845438786018
0.938491749472684
0.7529772947509424
0.0675129345268119
0.3899877699394148
0.3229307463406031
0.371852693406716
0.4013394954549498
0.4444752372089888
0.28539224315649053
0.9795352954668975
0.5089967880662523
0.661166874437598
0.3140286044948397
0.19360675628605373
0.9020560636119374
0.07082875045839092
0.33552942413210524
0.8403929891631159
0.36542326971640365
0.28068498933822505
0.0931404631180209
0.6497827880185018
0.21091571607696497
0.5367185152076581
0.5610484353232223
0.42238181366437644
0.524912677756526
0.9528541987438274
0.9033628907261215
0.2205476612260262
0.04572338657851566
0.28515691198973764
0.9019631104539779
0.691839997970227
0.14998530760199763
0.5441982724125211
0.2599126771513079
0.5032206935776801
0.06630929144025856
0.5435040913642042
0.7647340258524469
0.8160015311999901
0.9076016691950912
0.08305933324384639
0.7881293014878584
0.5320661572664118
0.7094619967590219
0.5631182345498502
0.9414917523818092
0.9658220956798682
0.19714668934186838
0.4743002530490314
0.9297976828725862
0.39636464555655654
0.931544116984074
0.7578769411915001
0.33098059514599704
0.13414640021416852
0.7332987821333
0.36260012565483574
0.035709260406160855
0.8771756809665382
0.6743660249860006
0.44906334392015435
0.7697702064303827
0.6247873374591727
0.1075399170447611
0.41546102809483026
0.1738700990233191
0.7173728052557035
0.10976105648148755
0.7446928091407323
0.23135274368594622
0.03228363851190925
0.9533947568137763
0.023571696923144467
0.09749288252003066
0.733319130900778
0.4801531140610916
0.6609991144765718
0.22743355316870995
0.22900174327779166
0.44235529297341153
4.0
hidden weights 
0.7273139265710252
0.9686712261827115
0.7275720583864802
0.44956153738336363
0.6393006493898219
0.08219520594479379
0.08778878434835737
0.7969394153426931
0.8091539956727969
0.42843724209335665
0.9502288816558049
0.5639222294339833
0.9376225013843169
0.15016168937836163
0.7080713881388783
0.4735924170512782
0.7398677453512852
0.12065418976207529
0.12941055743314364
0.048397720854059176
0.8586291006008676
output weights 
0.06939426260369332
0.21084084232131475
0.9539922047753956
0.7671030331935285
0.9622565643245067
0.29275760975637244
0.10118959566057428
0.21886962425338477
0.3133375606953054
0.10403490431970837
0.14897488000730574
0.6026801490784861
0.5690819421701668
0.466164699522223
0.6617180003828401
0.8662707761502212
0.3032397344368554
0.6802562116841295
0.22196186477513152
0.31442508275984016
0.7630305091665285
0.649013843587043
0.5202269698376136
0.5760778696303505
0.32255817230170813
0.6741434465492485
0.03561135397153304
0.26140755721077963
0.6454639395790912
0.8158474891261507
0.4195625304723685
0.3812660491445708
0.44796336722110713
0.5652282040054871
0.08306178971399623
0.5721927483875543
0.9092372111205566
0.27219971106595076
0.4165994647755851
0.9823913189319484
0.6412452912075337
0.10022603813381371
0.007275422184246894
0.2749462195868713
0.9876851852701363
0.3382884610026956
0.3757107798900658
0.10026179350585704
0.6346172408791768
0.5727615284404322
0.15934270975910023
0.343194458774899
0.08633373707297691
0.5950702793959383
0.4559714589084591
0.527228493841093
0.35333945474609574
0.12754699679965947
0.6467102421542227
0.3699367299789913
0.44722193558634227
0.02615272551100637
0.657577512589008
0.21928106300218464
0.1281965820999199
0.4426809787311938
0.37067893343948827
0.30539306765098845
0.20928167131706935
0.8726651396342641
0.4081899483283134
0.5818321573888906
0.5559611346800994
0.8394723051724357
0.34262121039986704
0.43871225966084065
0.4975763411570433
0.9006054047475471
0.4661920263595016
0.5528035548623759
0.9603319914254516
0.17913972200259726
0.5554670783512529
0.7466915995524084
0.07910316730878687
0.5041970155383474
0.20765678931598008
0.8426614067861335
0.9790859980905909
0.6660986034636702
0.6316241846091771
0.9184236260668076
0.3065754919448278
0.1825830090173795
0.028180726283970225
0.2571723818325746
5.0
hidden weights 
0.4791985083519209
0.4105199223149929
0.7169081242149654
0.8814787109468195
0.3345115611733928
0.8793630575050349
0.3337181056721432
0.9925123861565323
0.25894142156516636
0.334094283382951
0.6829652312501624
0.16717421029809715
0.8817215593795525
0.27206138446633954
0.7668629877679881
0.4098479801004683
0.41673212971840834
0.05061757197479467
0.6599352726677272
0.4368526121562362
0.309012107419423
output weights 
0.0497390159142443
0.7629282837782754
0.03901135040049733
0.33108746363212327
0.25887194599280366
0.7782115921600774
0.5759512439284117
0.2184950681970397
0.17404012885725476
0.04666315694488048
0.012929439226225007
0.17364401633108756
0.699866222251769
0.4296776061636157
0.7934960354074677
0.5198922036961987
0.5879822843879016
0.10883181043589595
0.7662669739379936
0.3249205789152898
0.758279444112033
0.11838665535277783
0.5642688546778657
0.7237603677761986
0.9564409362141579
0.16122625449537192
0.42955522475504193
0.5973993921600839
0.3216932012927171
0.15107314620563916
0.34668760792472153
0.7965456977539525
0.11716139974347262
0.8011794611964703
0.635125637209889
0.06423681350927501
0.7726541440206753
0.6951261796646169
0.7758503397166095
0.4085485064511999
0.896663459940756
0.32740021909909667
0.1417630499340909
0.48256102118525884
0.946230078552123
0.38528667796920313
0.734354910751206
0.16922038677967283
0.731847316572024
0.2531088355945978
0.9935253169192189
0.04736606707003913
0.9438926279859859
0.7255828634636299
0.7382996878512335
0.6897160231481569
0.7318357976618494
0.003692425399223658
0.445210144242101
0.42338893355496143
0.5999596135026526
0.6141898849985322
0.048290776365331724
0.46242713109722633
0.01710325396512569
0.45392666429880124
0.32434599839131656
0.76907602688137
0.11263389303713668
0.34222038073295336
0.9709106609751447
0.7392924779086438
0.6198077635319955
0.27381311956454546
0.4420581667511815
0.013089656828930018
0.1730696838969221
0.5069831425250781
0.2825116403469681
0.8953827168482751
0.7415455850594785
0.8223721101211727
0.531335920589668
0.3642604399071642
0.6958057656067436
0.9798012209458454
0.8920895464703016
0.6596449902005895
0.46958975135546105
0.6043914980685661
0.039530344674485254
0.6719887781290705
0.4124242282060895
0.3701105213058649
0.6511266893029414
0.03337697180458516
6.0
hidden weights 
0.7389360096863865
0.6873897103491314
0.9916699749408358
0.042291075199092414
0.5784445844760693
0.3245070695908733
0.27821820785592927
0.6063639873578901
0.28459334956353194
0.15259908539703596
0.6108040122060989
0.6754151351303301
0.6821923690172195
0.5660611332105248
0.7980683910857262
0.8666836514330833
0.7584625946380179
0.42177777470763306
0.06156319616084917
0.6321434325365428
0.3585270387107465
output weights 
0.2804021244319393
0.04527712823150835
0.6768179997664779
0.32108483034545277
0.5648208353180829
0.5012474223162111
0.29874346533142837
0.5307061169427661
0.06956825209317398
0.6760226335013542
0.2956608505287465
0.3027976805015251
0.5651787156722532
0.12928574371956972
0.4643361015082564
0.019468807988233444
0.7955564287560108
0.6008567840908499
0.9508322411749504
0.7241137217036883
0.6961026497854448
0.16386687231914931
0.2433047000182942
0.5293109989570056
0.4672970743933079
0.48931238852443965
0.31531764545157726
0.19351875948999223
0.32636393731409485
0.3347605217116729
0.21048478016284483
0.9883858924742143
0.06603343873885541
0.43798716155358486
0.5296095387185988
0.6090633618687233
0.074829511815873
0.21916332775011127
0.6820913946731324
0.3915054277802864
0.5630731473410154
0.425865860757675
0.45194475322745764
0.7294854567150949
0.15914456347218883
0.3545748071912088
0.21457942274243533
0.5909654171868948
0.22276394189703985
0.0640515969763405
0.4943758431824803
0.8738229853066743
0.6042772287994971
0.8044206027352835
0.006706893745302806
0.03274518006792815
0.41369483324006145
0.38456841765322036
0.33035940253771695
0.9304046345323441
0.0816136929420581
0.8248569009025654
0.640180642334108
0.9151179193840594
0.09714452332330596
0.8508213801314259
0.04377082682457802
0.8855397996232678
0.5159025183346115
0.05849231991485401
0.6478626441020944
0.8820466127118212
0.14813987850990382
0.0821711277273909
0.19607683203208687
0.3338142674213724
0.9840779650191074
0.712346947332006
0.29069745673728686
0.24497836012525412
0.52126775384702
0.5472082313174889
0.4207207975190392
0.11740395818808583
0.9795309104767703
0.7794447753517308
0.11902787365506723
0.5784764737308604
0.229875161426272
0.7897853858757263
0.7416024363917619
0.8063191637476262
0.7512073441698084
0.5162001783232861
0.39640017007857664
0.6739849109097957
7.0
hidden weights 
0.6121839354922664
0.1387607273610675
0.5186511855132201
0.9210294092989325
0.2708490895575646
0.3983756290373704
0.8308160509145132
0.7460386793109992
0.8546040650289815
0.9076504909304914
0.555939317798542
0.00676624418506924
0.5780876064163203
0.08195001187754312
0.9150539461605056
0.17277619730603352
0.15423720448662667
0.4695664661625654
0.8095975654016816
0.9138303599089298
0.9441456277664422
output weights 
0.8752543649986849
0.7554540962526489
0.6694476486344889
0.7629161397175056
0.973809904437883
0.5058343185069085
0.3483623410226728
0.21355444316368719
0.45663460119671107
0.5239592955511696
0.27098407245920736
0.586440849194186
0.9696399517513231
0.6902821348991265
0.8023083579537975
0.1360817536589902
0.8037875193924294
0.3346309895795579
0.947191578971157
0.5828945516514885
0.6611624245620948
0.8664980650049192
0.6807588352873178
0.8682847951677777
0.7430141859283623
0.09397601009738468
0.285638739619445
0.9600399102822209
0.3135415554027302
0.14674500646837135
0.06487849161921483
0.7842399314914834
0.45475261298546577
0.9675661944877755
0.10354111990524771
0.9974289621635906
0.735098319075454
0.8373623311020313
0.09987944035378743
0.47654444753902264
0.6231611949024596
0.9193666580644805
0.5547128748040707
0.189200008308007
0.9489461510114185
0.6882418892468934
0.30132470862929644
0.9361999394601627
0.09401843637292559
0.9666330059889889
0.24001376731610738
0.5899818417948114
0.17894487152179886
0.9251807823344611
0.025033989729525134
0.09831598198433965
0.4653026834688688
0.36846089145141203
0.009213666434541466
0.9932758732689212
0.17390123204356767
0.20748631294337044
0.1333535073205908
0.4369039618742528
0.6065976167263996
0.8355673242417299
0.7281022233432197
0.23732493275696104
0.4844599781079114
0.24922905417586066
0.30699692079961244
0.9853750366864092
0.013925855128774221
0.8707933522376883
0.41406069606508655
0.6549797278835378
0.0019596897502633234
0.6224246756450929
0.1998168536694273
0.1236100071946416
0.199082804463435
0.5736716434439432
0.5350716450478654
0.9078087880080972
0.30522781221686374
0.15270769100787301
0.02836360396116243
0.8461436713911785
0.07923918503871946
0.9920648700444014
0.32869605263863205
0.29412342470267955
0.6641610784547137
0.9350227600761674
0.4342549967722333
0.050564806505450914
8.0
hidden weights 
0.0662226935426361
0.26429617650616755
0.8002325052973774
0.09241176045539967
0.32460689662854425
0.04700955365707902
0.3105177975563721
0.5207742169709106
0.30293066419514686
0.9130148394649108
0.871689690797972
0.0468804619258733
0.033853007971544766
0.7238493160809898
0.6425315760209257
0.048850913169880786
0.4497258678875585
0.25333161272163646
0.5620971096388115
0.14463060789545484
0.5943225794970824
output weights 
0.8621152036180474
0.8624340192056752
0.8898242022640035
0.9496402165740655
0.14487180675889197
0.714883088238073
0.5672461001021073
0.9015610848207724
0.6946454095116332
0.8980493644757571
0.9155364580452441
0.4188571558538028
0.31315419173495845
0.9851159772256355
0.45444752261101257
0.5502923119830455
0.87449749463018
0.6176833467275111
0.9608062443791796
0.2642807498556291
0.4148237456632887
0.929365627025514
0.764539932632161
0.0037169251261187234
0.9276894740935415
0.0015414084423640774
0.37107691455610164
0.441644593599512
0.9368579472028089
0.27390367770723034
0.012858734415357497
0.46370827037022117
0.18096050200120023
0.0060454967013220595
0.5223551965150197
0.7504834157746418
0.6785784864857999
0.7929426678680582
0.8260845931375204
0.9176117842930142
0.8892165808062292
0.46507257744143066
0.7969318154897577
0.04647436260026004
0.04083245657860875
0.43783952379087254
0.6772831056181826
0.6608438576076151
0.5863669379433644
0.4982830596782782
0.49470993759638204
0.32135816979217957
0.4151743193657005
0.4804944533834006
0.9777040547339303
0.2630862288121621
0.898731133029267
0.2820997755721915
0.5155727351798202
0.7628621877482065
0.2895889733369606
0.03021241768822218
0.48475457220595175
0.2537680390195883
0.2109981959604932
0.030439285949036863
0.1461033196268158
0.018395517976980885
0.04508964901744722
0.013104165515821194
0.6991415062669136
0.9355630421188217
0.2353199709997664
0.07712376982527673
0.5176541459329522
0.06555142707087903
0.5197068095636908
0.34019434690979705
0.972418834505236
0.4895554349326548
0.55232016001934
0.09416625791614262
0.8138899840809867
0.6173142652778282
0.1961658971952986
0.13766694856008968
0.1351733856302847
0.09740246146332691
0.484593689987848
0.30199748671375654
0.4643741216215694
0.5485913976674939
0.7242898383210773
0.13847056337889674
0.48730466554837454
0.5106846110778773
9.0
hidden weights 
0.24413974972359725
0.2657538138045013
0.5290474989286478
0.9756894831205007
0.7181156578778726
0.17584300418699086
0.7894471770178239
0.5482961194803824
0.21736559026715713
0.9858471635348254
0.8009470087482229
0.025470894138245943
0.8568488090305451
0.23881208770092827
0.3744266615289904
0.584757793998056
0.4278631273155175
0.966692208534202
0.07695486333022886
0.49465794478775543
0.902656455688468
output weights 
0.2509433964642078
0.08724227979156222
0.3274533201040381
0.5227339312231913
0.6892093289958315
0.08654122995300514
0.8232641493557937
0.754888566742248
0.7466999239490265
0.5826082706838365
0.5983758152233566
0.9808564938180001
0.0990885838343692
0.6669052342810456
0.8883461530304205
0.8686101498331226
0.5830255142210414
0.37274211425246284
0.6321295749481787
0.17883341756866214
0.6832285041656482
0.3946816578018377
0.27454624270801664
0.803415270742905
0.10479577384520057
0.3817790532754306
0.9358745941951755
0.7092475517134501
0.2159019162541995
0.7116892292326653
0.14813858685564882
0.6883075501726936
0.4009118271438339
0.5784783171648412
0.36909098256404815
0.7659669408826579
0.5121037432192407
0.5488894821009593
0.9747037759138428
7.779356019105409E-4
0.9692768732523609
0.3094605151240477
0.2659849731218386
0.9308982002369582
0.6928858105166804
0.7028239080788075
0.0062400896611633835
0.3793032414654317
0.12524771364905837
0.921382129561008
0.16479139794769274
0.20283062655238354
0.48986584248670945
0.2616373682936507
0.6674824405880567
0.9683741617912967
0.9394043852160715
0.037635741808963265
0.043428473421808444
0.2644317944236377
0.32709632163225755
0.05434497666255926
0.21189523413732075
0.9978483901374191
0.7392406434867275
0.2700595598653666
0.002330174650395062
0.5390589737371315
0.23210289409549392
0.1617019813291844
0.20126609334518497
0.445136810586206
0.8315851781818158
0.8120496937493824
0.42241429717257617
0.7250255358739691
0.825331478082523
0.5227215699579492
0.526935283141366
0.013930709580435185
0.6835174603454287
0.49517330146681604
0.10683228214549896
0.4226457820422235
0.1373050085040986
0.6660458470935281
0.32995052801044994
0.6883260913983371
0.564238858970774
0.3803012010492963
0.16186652517244612
0.8755750157872053
0.9135648928922706
0.16845768176248357
0.4403473397878432
0.08313301157263799
10.0
hidden weights 
0.004633002204986783
0.32852872349648243
0.9277573923737402
0.6827686736384871
0.05870387479627937
0.4348357467846409
0.21342184633410746
0.04046525468034779
0.9578003051227186
0.4452511229226172
0.6281699109167074
0.1037001296522882
0.4230009858193036
0.47078994323052786
0.5308210124528148
0.26048857878007076
0.24966133331882787
0.33667931266772183
0.8161899890482522
0.9531415405623898
0.8296091969585373
output weights 
0.07020156180642616
0.138741280183381
0.1153905054650099
0.30363693560275057
0.43159367012173794
0.042482151457753914
0.507697154663432
0.6636954052743596
0.9868748247781173
0.7522692408814425
0.1326403569063259
0.5372723709634056
0.4163033459015469
0.6402579954260225
0.11948127781442978
0.18343590172168758
0.05612702296587462
0.3616010153842348
0.7323962119842554
0.07287478897791687
0.6109595337223257
0.15859830796357421
0.48565361926558565
0.2168732390885394
0.30883259246282563
0.4635635534687504
0.7227733270233303
0.5919206121338316
0.29432711325321154
0.8108336421984318
0.9289110715452434
0.6423062230380084
0.6333686360438203
0.7715910936196589
0.8046852371901306
0.5469843506134195
0.745814594701635
0.9521699925514487
0.4495844878636719
0.30394792258994696
0.1269104367553358
0.525451583032897
0.3960855652118474
0.8571881832520186
0.3357623079552039
0.6411294810183774
0.19500375196750522
0.708293113437841
0.7296300088870514
0.8728225752398747
0.8351080220059697
0.8386505727397952
0.08434767334498545
0.9864440646341708
0.8076965621959291
0.9074905125499556
0.775057416096802
0.9232637358371549
0.630656608328588
0.03894147129073965
0.7977791981373675
0.016551639129568613
0.5700097307070933
0.09287431974652549
0.8437918375710912
0.18918025613747302
0.39029243840335165
0.3567425158954944
0.24732633525616185
0.6735695370501827
0.9293396253479478
0.4761595601230206
0.5203653823472622
0.28062589618971234
0.39528276798806805
0.20974455621901777
0.8626371189235673
0.9174399923364738
0.3637663885078545
0.8587035462366671
0.3304582289664627
0.248004572759192
0.8678897393175525
0.4075088937769387
0.967906754999882
0.7887381989185495
0.09715691400170523
0.7269797992398314
0.45553135997312566
0.8292982608613035
0.762520742616744
0.39150859153458784
0.8056873989764222
0.4972176117888457
0.7270128524940767
0.08025723338216513
11.0
hidden weights 
0.9434251805868575
0.10797645514347233
0.47213674902972774
0.15000862147968802
0.21467191075231157
0.2230662640803379
0.595201553029254
0.2426482899388526
0.2708999512446501
0.03262535864074425
0.9515097221528568
0.3001137979734291
0.9084864337446118
0.18081629679994746
0.6754242769327279
0.9108320867459272
0.9200046264846816
0.5569265039000366
0.9338067363802228
0.7316800842738369
0.8288714830761411
output weights 
0.05507100552729178
0.0026984455180728176
0.5164149043255348
0.5321149097676611
0.042110401017077956
0.5024768574060595
0.5822196042434411
0.5635251116589147
0.9216124217243712
0.1836429947642549
0.7574101373910377
0.893195966895302
0.6675942500368913
0.6369483044049119
0.37171215368850585
0.6861304428227392
0.24594419499712375
0.13271948579762122
0.5541554098279036
0.9552829889368241
0.23689288488199786
0.17787789723819278
0.8467371850005798
0.8712856320252313
0.049812601715249205
0.6671041325988751
0.9316350279403866
0.5805602043967544
0.43322316421267976
0.3373482012853724
0.14388861017868212
0.1721271953231005
0.8813149272145173
0.7935965827137277
0.34806554169538156
0.5229840329660734
0.9201042596638057
0.9821746100272936
0.26927035661727994
0.6018683429299689
0.4658652595892732
0.580415989476113
0.9069098764902077
0.713301797177557
0.6332572978458958
0.06895251200038151
0.6442152278233554
0.9182652432909876
0.5558446736001569
0.8933501626527478
0.235049523215027
0.6838512402619615
0.15925332463530933
0.4001307827342017
0.8282753753667912
0.8767601157178317
0.6684954632648237
0.30113945546296145
0.7367228782728759
0.40333889827608277
0.8440636256543227
0.9586229205746383
0.39473012445598027
0.20993391645451104
0.39500679398121047
0.6876011126427168
0.760332894769773
0.9874797992438193
0.6285329999346723
0.10521274514630068
0.8603905959818198
0.3745221537703624
0.009466122614475212
0.9349852078255984
0.9090200857730385
0.9101909503613198
0.1064458515116483
0.889735001294312
0.9507246433289923
0.06561211357460889
0.5599935112972783
0.28475811750243957
0.7606518157508317
0.6642734187792791
0.18098569709704238
0.17638233094841174
0.6675750673379119
0.0701119714770358
0.6675174705011623
0.1355543302698826
0.6376459390846595
0.13892266410497026
0.2119883385579593
0.9960066855725292
0.7541590075377768
0.5884994920664729
12.0
hidden weights 
0.0205254110335243
0.07660054410539663
0.27927744257854437
0.8664976428471711
0.0394665556310965
0.31174389049962903
0.8874410150969967
0.960707252878531
0.3444792779366805
0.1333074146967916
0.04893396425935218
0.663999709179199
0.4784045302868207
0.23942937345257884
0.078406421573786
0.09271907820396515
0.45737624675117916
0.5422221327056107
0.10614338625479203
0.1813617751320029
0.970390700388352
output weights 
0.0046956024997792285
0.7559386382994066
0.9135107783575834
0.05844071335602423
0.9399297554694571
0.805220661338208
0.6959974202275915
0.3008903439811537
0.92814832826565
0.23834612151242446
0.48182987894981266
0.708328319338454
0.8293016042683732
0.4159701792073537
0.12026621653451806
0.5225825680048408
0.7288847519869682
0.5729866702502227
0.5419792289926271
0.8110110859794145
0.4102363383805781
0.9379224915855102
0.6784035591665617
0.37975545189493154
0.15867995497963094
0.11755424102480236
0.58473841946575
0.26383865808147244
0.5814792282385722
0.34558041727355443
0.038213293689513365
0.9560373892217354
0.3794551326045309
0.3060913164128998
0.8816196821311157
0.8955579543113309
0.40189191996651186
0.6797776980436198
0.7929419457095743
0.4547245258622752
0.046293404345361
0.05956814731286229
0.09110779269260948
0.914294546628221
0.23750186185320807
0.7382133524180182
0.07705513341839557
0.6138206436337963
0.15143110248623326
0.4957893281137918
0.6486421005886991
0.5467776764320355
0.8748728308720491
0.5021237406268068
0.6190839158235912
0.9284684428899365
0.6949262905214432
0.487696276075773
0.9404168959555637
0.484442549047636
0.5592769637390628
0.34500453185913177
0.30340027823688875
0.3129078365732992
0.8154224231594654
0.11202604521139205
0.4356003813853736
0.6226507803727848
0.2371699056103255
0.31809147000086246
0.8215930192353639
0.3855103154675127
0.3038185482678865
0.35643728937984354
0.5176421045136528
0.6312380872375764
0.3918670774925792
0.3409002480741848
0.6280851735857822
0.02410086603232765
0.02412443192483825
0.7341962375176455
0.8850962869794141
0.5401902613387591
0.3879796711904546
0.501502118061601
0.6241649067288425
0.939166948104584
0.7789391487950849
0.8307065132837058
0.1900449973982623
0.6386235602470846
0.4594518363685073
0.04187901284711557
0.8159378014073043
0.38782805281855226
13.0
hidden weights 
0.5485258098850713
0.7541800410625381
0.6519279178282998
0.19858796042227175
0.8998039348619667
0.31372975437303724
0.6004945550513014
0.724434414595948
0.16594918590402943
0.12389279953443265
0.34079607539573153
0.047828774473891195
0.47524699364318784
0.4622546557198681
0.44768026285231666
0.9516056280342863
0.9731205364422579
0.4796852305277854
0.39365328411089706
0.34613557231613723
0.5140611107194456
output weights 
0.8711293487869306
0.4139416705041103
0.43907388278051757
0.5684615595880768
0.9982783744967934
0.5115736213594948
0.8444423974733949
0.5267936025760469
0.6249900740887412
0.519134203348015
0.24432140170969313
0.009408280913827798
0.7057840199710255
0.7567554395205107
0.8117743246982222
0.23794794003184347
0.7432943247175113
0.5565888860718549
0.40855516726651825
0.4927092022558701
0.8868882567556078
0.16790203369991216
0.007849719903994903
0.7410515368655689
0.8515523739211228
0.5114436444197429
0.7928702492468856
0.7818422811188052
0.4528690202814305
0.24588922570019137
0.7213250085937798
0.7676196603921362
0.005495839461696301
0.8848897736206479
0.688715455601233
0.8940893978490887
0.6470870578816083
0.8472947817378287
0.5795703711095176
0.48711336764786617
0.14590762656601305
0.37982648309545164
0.9234100017972322
0.8109137605804942
0.06941687292894781
0.9948558422888719
0.3147208676717167
0.5103611096941344
0.36783655034484036
0.7654468902842743
0.4215266349259257
0.714687883841919
0.24200930631337395
0.3414324289005594
0.31680257838777265
0.3497021837505603
0.4816779155973556
0.5725137430940614
0.5826633202032596
0.1637034473978638
0.22782615216499963
0.33526394858291647
0.9990492476948295
0.5696519504777073
0.8755928325176395
0.15553012313212167
0.3640797020269014
0.024281285658225956
0.17668602925753632
0.7283852018553695
0.3043277397168046
0.637751738382521
0.9220618317880059
0.1552547934317289
0.7029641856153377
0.5835731117398221
0.7233463916360647
0.5085335693226554
0.8353129311114046
0.49257856444193276
0.8140126899772074
0.08002146766417453
0.4650567250928347
0.9645199623260546
0.5896436561310294
0.923955661037286
0.7066731175983759
0.33035985780977506
0.20409315618539817
0.8554036161178186
0.3265931553372766
0.9832752492016211
0.09639832930050367
0.3356919434520909
0.5081897064411125
0.3401553487620884
14.0
hidden weights 
0.9432197450030659
0.9790850101527143
0.2778862561563641
0.40440718988332214
0.9052826056095925
0.1423400312237853
0.5556455212220103
0.2288157361803762
0.5791626337103741
0.7624050884352088
0.42380212519714067
0.9223719772475971
0.1905676354569037
0.2672828208648382
0.5138904214392297
0.7480836479533124
0.03479770916900516
0.7630919622453562
0.44264945472240735
0.8507952180833225
0.0077253551573193725
output weights 
0.6214943184737143
0.41723932043206396
0.11325207337397739
0.8396971998651902
0.6976346744299171
0.9227724341722754
0.4559027610418748
0.41714274315526007
0.4351562551530242
0.3629734121086571
0.5818733592682573
0.5880707160090712
0.6826964934439685
0.9039378075124191
0.815323071604947
0.6591523439354686
0.36604137102442563
0.5044008972357695
0.3929498861785584
0.6900325080588536
0.8816194114233782
0.6623909219941775
0.6605333993990558
0.7410620673256019
0.6195905822452993
0.7626632629227976
0.3351594566426117
0.7262987155731913
0.9211811526745258
0.07390465274931902
0.07213822785774185
0.673298626182006
0.8202755778001657
0.8951885668504845
0.7643454448426968
0.1029263335928636
0.12526930391743568
0.9187080197157225
0.27511558280842113
0.4511867087475505
0.7869004781206779
0.20400563782524986
0.568102311775192
0.9734813740015266
0.7123908229845802
0.8728530335719218
0.5528282289117545
0.44941334570667096
0.6962515491325089
0.20452968896530183
0.46184466053919865
0.6886581225508893
0.09016616555300205
0.08471466184435388
0.3134729591419244
0.8970985737803492
0.30662013826575124
0.2079356965750694
0.6110376083558994
0.4220674497018003
0.25208718778069106
0.03924811341105355
0.6146801967225175
0.9354566685665242
0.012230901766560989
0.9497685006442577
0.15677762104211665
0.6529617855254413
0.23879368820471353
0.190622338202314
0.6430370218870661
0.7984235213709869
0.9867012824629554
0.8440488309595834
0.08609956269714407
0.7028236755024637
0.8599425091955433
0.4138144243049259
0.30315469838169484
0.8999627107854379
0.9374274323948081
0.4988667553601065
0.5253466143500667
0.4780297371732757
0.2240733543769068
0.7208473281944271
0.11689428130812121
0.45104310882400084
0.22016851792936898
0.30456736539925644
0.6119932335505371
0.37552457327818656
0.16512649857882308
0.056180811782514065
0.725578257489252
0.32631840972490905
15.0
hidden weights 
0.3982122617875851
0.08498134709920321
0.7219886810306662
0.7213753390663017
0.9048208784207302
0.46763326826786583
0.042286647988257875
0.41835413456791626
0.9905743424554301
0.6645313860728367
0.8457323168486806
0.05414549811602311
0.3135364899563504
0.484470214738232
0.09143263922974294
0.9634266699218639
0.05777175042325826
0.5480084911361309
0.875381011857262
0.9898773096383817
0.9579138050332091
output weights 
0.04248579317460337
0.00414565082833221
0.9751078794101146
0.7295541013746778
0.3066221731858687
0.3271542613592258
0.23152542733587286
0.6862135189737505
0.22011655493575769
0.8607889848241307
0.33285216641871734
0.9614076999380119
0.0690195047023658
0.6594738037970161
0.7432619688563181
0.611006546167497
0.7285096354424948
0.1649036021987147
0.07017917715467147
0.822399902310878
0.6280892961287398
0.3381371418263624
0.661267282000534
0.5154326260010936
0.7088497090061509
0.8417175035967354
0.3028966131879244
0.030131268850525347
0.055165830187301285
0.6438055489796486
0.559971183972893
0.7163069696405279
0.2970202642130017
0.04904669847686752
0.805311471164827
0.26381316356581985
0.28106153105163306
0.33432447705005564
0.5062321679576285
0.17122767642009093
0.6864945692007651
0.3156829157961174
0.9269118691753967
0.4506791814616792
0.5413918108540003
0.9682604908934829
0.9990475431487461
0.30149625137821207
0.23940656582801642
0.7128436845413325
0.5373068661747042
0.41640174193600377
0.31822046509526525
0.6064773743321817
0.5524706692376895
0.9264629758222047
0.40374889549718135
0.8044798362416569
0.4550689806284064
0.42945131309225115
0.38576073886940976
0.13615587783331823
0.36234270827663834
0.09692632889406073
0.9086806283425155
0.1970547168890271
0.5517403016675461
0.5456407199169919
0.06141707566455221
0.8064363921436369
0.24033564732213855
0.44036088338232005
0.8392649730832471
0.8771428870129353
0.18622452608042156
0.617592215655042
0.28349615599044475
0.8511143304810883
0.7356994812615917
0.49596610274186126
0.5589242996066475
0.30555511011340897
0.5038044906502189
0.5076804586690207
0.8766494470371131
0.5526200596640306
0.5360167353544103
0.6112354083329392
0.5516846767848121
0.06689324084058723
0.9108308364750516
0.08158760021301487
0.3255101843746373
0.9229223079627298
0.7960354729062608
0.9247811983676022
16.0
hidden weights 
0.7269728674184144
0.5539461471083315
0.9262911578577234
0.9930981899135806
0.6457823085492836
0.5526861368250738
0.312464815054813
0.35447393358149504
0.4526112853628568
0.27816224903971454
0.33646320862228807
0.6203452479939694
0.7244108721750679
0.47809660577300384
0.2756067050797909
0.20695551062265316
0.19048201079385496
0.1869792423104852
0.21871082481037027
2.049736821118389E-4
0.9221252407755925
output weights 
0.08708392601810738
0.28293442505597616
0.20670537006574088
0.8913122105046637
0.2715971331382245
0.10304978946133707
0.5069279081498084
0.3737159241843391
0.06690186522461106
0.6674533729323787
0.712312722663982
0.39006672777672463
0.16907222864790306
0.4387843792245242
0.008372100105029636
0.9616684664485687
0.9220719047080067
0.24695273583433353
0.2996355400706097
0.6997850750723407
0.051816539472559174
0.3498162190514894
0.27650234337006946
0.678864453776626
0.010928983501408453
0.28081940064014665
0.5460106814871181
0.24239705395412917
0.5144262500688452
0.09230192785772287
0.2810127467533483
0.9948918144196316
0.23415228386877146
0.10296380484977721
0.3419291198211275
0.6752468791317141
0.29625583320613963
0.02949501943893695
0.6975335851994215
0.4357293702523765
0.8367035151174614
0.891426390227387
0.9879743242638434
0.3004817794316369
0.9657545844449106
0.7603381236237006
0.9963014425388235
0.5915715927665168
0.8580278532011062
0.5769003670841527
0.37125788076395216
0.407805748976168
0.283582211924856
0.15733062856598792
0.648552224358232
0.9843601827110564
0.41521318464168183
0.37549187045580185
0.497626851089296
0.08771670070962906
0.9709870845296251
0.7560444484920377
0.6188619249590424
0.2928831312915586
0.6362961734156145
0.8917449065708131
0.9000023631529089
0.8639066205024255
0.3037232938653082
0.1458527481462149
0.30412169091304947
0.30344935036319715
0.6549400856144955
0.2285384892696493
0.27556922547774615
0.9781203359989998
0.03450581375506483
0.997608067586984
0.32223604822442053
0.8492692074054047
0.6566804747764393
0.8584586975186194
0.29893766110223124
0.44879220255132357
0.3713775225270586
0.8864177065928073
0.7412328316231782
0.9141537458862327
0.27642061373770876
0.9320882374878308
0.24877590203461872
0.12489500856473955
0.08001696442481876
0.9106640794654756
0.8433048058572661
0.9347700696104078
17.0
hidden weights 
0.5862365457754585
0.7455658034585142
0.8629524550417255
0.2074786422642828
0.23713884606316
0.6592147627608528
0.8846286946224416
0.8607504548736841
0.5413915260536999
0.4632418093629549
0.1330008580896601
0.1499464366232834
0.7803668566550327
0.9777144310832148
0.64706403603982
0.17732044395371593
0.7025551964503504
0.8001161176558089
0.3543350236263475
0.9974993280031544
0.8312373429976226
output weights 
0.42358482546715576
0.060676885726304405
0.28236291385508444
0.8256150143382278
0.19544890981982313
0.17467568447624462
0.6580631163771833
0.6397499504276541
0.7321481046163025
0.23374005167558903
0.812696761395989
0.06888581555845834
0.8678198808830668
0.5649154614858238
0.28166723576575603
0.8090813830587568
0.16221267192403563
0.33773947075773286
0.12321105649004803
0.848238726858534
0.2018039483327788
0.7073051040789783
0.6171467497614074
0.3753875953171645
0.18736296440685338
0.77684016787345
0.8945308704351237
0.644165712084965
0.6241456613918325
0.2918225489396105
0.15038642923435394
0.03616758690572816
0.12781608979163991
0.6335100910658116
0.6528515253512456
0.3017939763514764
0.08101425876409177
0.5770427672156865
0.28630602305494746
0.5348661873789609
0.3530264365542346
0.9794818066908418
0.40313890044145734
0.45679445620034526
0.23585506526598574
0.3339332879042494
0.2117694446326511
0.6487683133366204
0.7826161540192068
0.6691715410490588
0.6813481390757947
0.10383049795335353
0.8053799087593065
0.15021350033313127
0.5487576131076787
0.6450468628485768
0.15111178551395935
0.2065231489698571
0.06280761097330888
0.44006657715288755
0.7582401590879174
0.950064450109804
0.8450325918620423
0.6332891282793323
0.03172708163680488
0.6326867159738597
0.08992595200796277
0.6961068682112341
0.9207760000756651
0.9913586914265345
0.29890315528670974
0.7233286372279827
0.8801204319485133
0.562667552631894
0.8267569906265957
0.32692502645578464
0.42506450002081053
0.8247919892069228
0.2618258659025583
0.32518691737832767
0.207211041562187
0.297271430633035
0.5863125784258432
0.1461797611838392
0.9328625283867743
0.8275173811824366
0.09046786516586434
0.24412196406701672
0.9348895867077949
0.7687719448065895
0.8195946219953221
0.729634978701784
0.9088060420659289
0.23242692061985795
0.7338657094129789
0.732676093943828
18.0
hidden weights 
0.37404383587627615
0.6920972731938208
0.8835904923135747
0.5428551710213902
0.28401930311483664
0.4076789652016161
0.7566841801399884
0.3656421781736265
0.11488228583459782
0.08762598575061988
0.5282379176573472
0.01189039925034534
0.374853540816726
0.34561114527008774
0.1692909482107547
0.5315612825009588
0.8842062556914213
0.561479165844747
0.16152682390259215
0.09037476737136814
0.006557603295858586
output weights 
0.6519812041516035
0.8987676341460559
0.4662162107538721
0.8032771424778462
0.6104066538144066
0.006907391734251875
0.3557054274977981
0.6799372076254807
0.15975969502574555
0.12488683400433642
0.36505395370032967
0.12392846596697836
0.288697751393437
0.3651117904120583
0.7086104076224885
0.883314032887011
0.34496088680673404
0.5155137974652819
0.5892696693935516
0.052707461263124276
0.2699041553007152
0.978302581425583
0.1861670306421334
0.877093540512348
0.5136801789002459
0.8053354288756772
0.7166908002706649
0.8113846121081635
0.07137332080537907
0.2387744879770883
0.8560751420861447
0.722015792441958
0.8438750320445142
0.0862582965233457
0.8879949995080493
0.9353033663354017
0.5530585455943017
0.036864355817013174
0.7849199893056537
0.31115001653740887
0.7963127056873759
0.31911993171068914
0.5565584041060174
0.29005318660983187
0.5687839108290969
0.454014450654777
0.803062284680783
0.464529282185983
0.734145980389582
0.09948272546222761
0.035364737255221
0.22610550140773425
0.43176670275816664
0.2383537974675927
0.7745143289125765
0.8015585754178297
0.5854264190870202
0.8560994809940903
0.64319058424792
0.5880319338399724
0.5066668750030646
0.34431651535650576
0.9241047516686995
0.09188267749539086
0.853280772834865
0.3343996760015315
0.29987536376520324
0.24100216737904634
0.9455247548437831
0.6869059681213038
0.08847462417309636
0.8657877097008051
0.8104540651344149
0.4563382039787748
0.98006841221464
0.20334944718549902
0.9889270889997719
0.5521130050451515
0.6727696132047298
0.15919178466569517
0.7816556857658701
0.29050435859267665
0.1875386054161297
0.5059099887778399
0.25498598754645885
0.7021415941200007
0.806619844364074
0.5162936398969581
0.3685847114790584
0.16938344475236247
0.06135609785682731
0.4284757393241514
0.9815862241333074
0.48976678578292676
0.37646010396520896
0.44346570722942913
19.0
hidden weights 
0.4498869315031119
0.4211285028881654
0.40238317384510186
0.3892660715494764
0.3751220581066055
0.08949819739564312
0.7709275606932126
0.07617663434525146
0.220527294039597
0.20339371833089379
0.18099359872529666
0.9727075383651851
0.7164285364432433
0.8952487148355008
0.719956949959444
0.4911168003894256
0.6062356686089723
0.42009289448990755
0.4014325269946247
0.4084706388342476
0.3702424541043828
output weights 
0.7231201414803028
0.43618537654206835
0.5863921395122437
0.8641628191241657
0.03994182723068938
0.9193910944869833
0.5718130935966457
0.38616890591093583
0.8285275809568323
0.5711934973024235
0.9563491919537634
0.6080751356739716
0.6074727925170473
0.7024891312533597
0.2747887559553863
0.6572300987560217
0.6498496036696568
0.7622052756321204
0.7711745093428664
0.7438816005181935
0.4359323227920015
0.9810772304062134
0.10493588352128749
0.8509087390150971
0.011725697217418582
0.03769615870450972
0.5906659800500074
0.054564842495051
0.05071661669667773
0.17446665923649554
0.07301071847711209
0.5687560527732262
0.2661038842575391
0.2473312575434144
0.8631218981051005
0.6564632552202968
0.5366903424508517
0.47468249519160854
0.7853856558170629
0.7499152952519131
0.64548771340548
0.4834276432104907
0.44775433376214896
0.4954002378401951
0.04154357394216323
0.2850646479035699
0.17675031579695222
0.16052592623521164
0.3334573614967378
0.6544241587991396
0.6899655464842882
0.010647004878291705
0.5813427234169706
0.5874906967144576
0.32103615842941696
0.0864464032085699
0.705680071314255
0.8442048979018386
0.588040361217132
0.047341069420164576
0.17460674104741555
0.9507792728938793
0.7010503946059213
0.37654108480094733
0.8845418367091903
0.6236778654283524
0.5494126835979034
0.2121920669715318
0.1547551736721034
0.606639508955532
0.31184989592391954
0.20398043013955902
0.6283519480349901
0.9509753101987583
0.7112338473695767
0.07660486610411583
0.8254161304938892
0.7246390140417228
0.05841607976421819
0.7486882609297048
0.7765667138261823
0.3118355788653438
0.342172547135549
0.7042559863415223
0.27257256688281223
0.38054577340356543
0.46877165816624483
0.40742158295880315
0.36572842050675514
0.7453640430069546
0.8952639725487289
0.6181425853106465
0.40236595336474357
0.6107489246347607
0.5452400488241702
0.8132757060591415
20.0
hidden weights 
0.848320920899929
0.6543652085337284
0.14399114271028615
0.26234530609013723
0.04469253921721278
0.27216136968458793
0.7169152630362431
0.6003937693774075
0.9216391702284881
0.11770376266203611
0.35509794235662323
0.1400498454048105
0.46080904182707466
0.3011616480025039
0.2168004350889717
0.06178445284549327
0.40776127661815603
0.8390949452933425
0.8404947628930826
0.6783816916841583
0.26727673820820336
output weights 
0.99083393522019
0.7235774055686625
0.855097574176732
0.39443843431671816
0.6014598671131287
0.6817893226855213
0.008380523110915727
0.6364847970816805
0.9087197650114173
0.07010655065899829
0.8060387678392756
0.10549659432203978
0.30829672824011783
0.35713734350792137
0.04418452510656037
0.7578038462339924
0.14335790754001043
0.13932284827492453
0.6774323952844353
0.6621254965233834
0.8650658027524465
0.24642313882686567
0.18210035035374258
0.6449525476465879
0.10681786713447415
0.8876460398356493
0.3008258924451016
0.5286591941613352
0.01637320083901585
0.15824575342515826
0.7174878587394202
0.18295962212751032
0.34414663837030784
0.7228808521333424
0.9884016613035081
0.401838878415691
0.5520329688509378
0.7440905058191606
0.3830834420573133
0.3305873634445993
0.11349669741216008
0.12319795203037244
0.4484287104534127
0.7140237161180358
0.39413432250255387
0.03719443286518683
0.7931719206977624
0.5048480630150346
0.01866237407452773
0.3965716186835985
0.3332006112643783
0.589297991739688
0.10507124976761473
0.8218480896147331
0.36110269881481577
0.8098606988555237
0.31938376771648913
0.08909374718765105
0.122367729990725
0.632980418710689
0.9326053312583952
0.6662147526922594
0.524199337195059
0.5380759667100382
0.8035092137994331
0.3925552340531472
0.5663021772879071
0.1216903602140018
0.525076811241806
0.4434804805318575
0.12284527566123868
0.19247420805768403
0.29235983885108846
0.14423917357522092
0.486696313165479
0.9056526801787764
0.39654567709320393
0.6769080507868476
0.6961657333699593
0.1669544332240071
0.7755774862172075
0.8940414411065505
0.6541951201669967
0.9495382345407565
0.8167483370031118
0.6518421698768675
0.5134628689685645
0.1425314701678012
0.5087451366863519
0.27245026803730554
0.5993439051584748
0.45513028522240884
0.49718073142905456
0.016279618502072143
0.016692546826853314
0.5026601577577897
21.0
hidden weights 
0.6027020652656914
0.6613812039398043
0.10599831620034354
0.3890690294841188
0.17833752027422894
0.577346814689715
0.29815719255294076
0.8585809230064553
0.3524923866886213
0.6144500039127239
0.7656741466701251
0.8056271537211912
0.25206693241825084
0.8266131913223029
0.36450215374877154
0.9238859330816819
0.34787856200170925
0.6674768952005402
0.806594067473556
0.7818227131851366
0.14054446007205942
output weights 
0.8090948427953482
0.4906605153338808
0.3584989976720269
0.06954157184187308
0.9186764338062348
0.8364305540679388
0.9627303410554728
0.11244599165129855
0.5935636780992969
0.7999550955533663
0.2805060592490297
0.42956020507749537
0.7478740111136918
0.4840501765281925
0.4240458807824583
0.5042428480466387
0.3013506156845588
0.31135819348445487
0.009972212396674776
0.4387271848426272
0.5218904145463181
0.9027211214699572
0.4971751041968706
0.07180629025057808
0.06701812603924796
0.6408246508694285
0.9959238583608444
0.5077626718836217
0.5204072555932509
0.8597871179503993
0.09832650877496034
0.38505884249830813
0.6742092191650829
0.8096627827594296
0.2548698973463109
0.5388924573031783
0.3999380152098369
0.0664642634838569
0.30544544327815815
0.038107855954625465
0.8452797556341349
0.6966739587971396
0.6092686097353521
0.20230145760512042
0.48414018359902505
0.3661321923410918
0.8554101213210469
0.44846429093472834
0.4290925196060475
0.02598952062661043
0.05643288154255239
0.5769188087368814
0.3307299480502001
0.31350847716571273
0.06882056750014985
0.7526775271094857
0.3489379220478992
0.3496422512942948
0.11928834160547315
0.020325200108101533
0.3415906166209375
0.6272908027783531
0.4912238992755719
0.719798217178921
0.6109544363796564
0.0481288116718816
0.9015817654849938
0.8726644916277086
0.3301578520570831
0.8048967419540389
0.7792640602590688
0.41994197019623297
0.5508750264108878
0.6283777570753694
0.4823664574485863
0.8286616512066437
0.09594331446882624
0.232761276628496
0.14209920156250963
0.34067032526064367
0.9941688016802405
0.5718556825252816
0.05190175248674175
0.5278512440139417
0.5719013680907717
0.4929485431494346
0.20726501613445153
0.8262409727593633
0.3666206929764359
0.3888780437873452
0.3304255734033853
0.5801966706797614
0.61810497654185
0.05231995472336988
0.8208656475659643
0.709344239648384
22.0
hidden weights 
0.5619268111994419
0.3103402014058999
0.8297982862441651
0.4225712676310366
0.24808340948160898
0.25163640566159534
0.22751606557173748
0.07061415596860166
0.1152037154328026
0.1499802682299381
0.24335199611226846
0.46850662416607186
0.755118781455618
0.10945815514554717
0.8892478485323376
0.03932061070301289
0.26398736253728283
0.25948764930757523
0.07130251052872799
0.31982485943014666
0.7487113813846776
output weights 
0.6313629681167094
0.23396822479245893
0.8808965778966341
0.387099531313285
0.20503561705765816
0.4228770541232397
0.855914255853587
0.537147124672145
0.02226343569127835
0.22442566084423052
0.5827786506320746
0.5808157014464723
0.2711748713361458
0.7293419097627054
0.9155909223598235
0.33701644831690686
0.7156268315325768
0.35665820369607776
0.36214621339288605
0.8167036441133221
0.15575418910160904
0.492101243087562
0.8105248340175866
0.3855816211392314
0.46938196080796885
0.3760527438636119
0.013829162964313977
0.7678200731554717
0.34707050837844905
0.28192355987151685
0.41809242708176625
0.49328313045538064
0.392382709402196
0.7363390343679441
0.19393593309971646
0.26531034803978737
0.43203040887159505
0.7536170613937868
0.6272728934329403
0.39232903621260407
0.32680066854406126
0.7357576477363381
0.7661407448491274
0.3555786245663708
0.23222864105034893
0.5410283770934969
0.9082380482821899
0.8690261453153162
0.3821609669484496
0.38041643610431314
0.32768364863246474
0.8476086137893483
0.9827607301978523
0.09626992711547348
0.3752431155323812
0.4243702053152501
0.3235452199647533
0.21614499503958157
0.9990803964931108
0.5345923025250949
0.26153612389965875
0.9724832558637357
0.9663203330626141
0.14547513175520227
0.9681646360778209
0.8617051874875462
0.4525347302565703
0.8055036662723416
0.24773156894327591
0.3375321515559855
0.8832290220563351
0.461039436002599
0.20416653171432803
0.4033204955632961
0.592024129357211
0.28108296609303424
0.5131090365980561
0.17986136239381356
0.656659023569118
0.715809106868061
0.500356826392374
0.6147923165355647
0.42715632678082927
0.05190264008566941
0.32777307781968207
0.8634038680882123
0.43007642710535404
0.2667990851681098
0.928514639692005
0.5086025071560817
0.231635727758201
0.4783323735135985
0.08445913761249892
0.07253576017710553
0.7826502335369818
0.14017836899081787
23.0
hidden weights 
0.7902820299574774
0.557403527598359
0.3543958837703725
0.6415927023318858
0.14919942052611704
0.22466527878745804
0.8850132924487625
0.3470324255438662
0.1625394475473712
0.3381440064807848
0.3821085192347198
0.8763251945736633
0.44154434997543235
0.7924092129720915
0.8586253553027631
0.5791579726291707
0.6172073844568975
0.4000304233479969
0.6049742526880535
0.27785649298851367
0.5001880712496578
output weights 
0.17031760848296632
0.6318051253406486
0.37132342401370866
0.39278359507457056
0.47123282992467774
0.607535482901055
0.31654884567418007
0.5823901813677986
0.9866090683827926
0.8157865126549225
0.10468338748988101
0.9203253117698138
0.011701664657011243
0.6005068828706812
0.47802439804828756
0.2663347006541994
0.04081475851139771
0.8807944790763554
0.2886007594864838
0.7460332780765693
0.552433711825546
0.08290331993912801
0.5839968048913537
0.9117615850218621
0.8982749936552704
0.37254879167039223
0.08492508644866478
0.985787236475796
0.11340294866013959
0.7269307122630868
0.7183273439673724
0.3232490558784919
0.29771136874023874
0.409793557633999
0.38288587182120926
0.17376303400359006
0.23564672654102115
0.04020042079719161
0.4009125809331562
0.9146360419448215
0.8125452145385372
0.08654133924502294
0.690279738931021
0.04407243104541753
0.0547354702840982
0.29381903501573253
0.890908894074738
0.1865230480841335
0.7997178253040423
0.44333889938513177
0.5316711225399358
0.7761033633814214
0.6161884274389932
0.6950353606775882
0.7100604225087694
0.6859777874152021
0.44957906968841066
0.473820423793282
0.20658348947956126
0.9950188244097997
0.04609862896406809
0.6221851556944258
0.2693503994537883
0.018410177402526765
0.048848042689138026
0.8206727137800393
0.27078233027422827
0.12124407762687439
0.26491893181116793
0.9161427755854173
0.16459377912359918
0.6997700333514189
0.8456990060160452
0.49592089035677533
0.4956600240359396
0.9275983471398123
0.5165946639521906
0.5033883863027516
0.13457278601523698
0.7080391351036883
0.8926932694091625
0.5955479302483551
0.49311980829869906
0.12405246258125212
0.5231477811503925
0.36113404685403877
0.7632187094126843
0.17289899937284645
0.9382510864919139
0.3004392516185409
0.8003433908261555
0.5258386407623803
0.25830515143022004
0.29103852476371644
0.1452949298294067
0.5437229097772828
24.0
hidden weights 
0.6312152973061762
0.9299007019007676
0.21870264338188708
0.623118620158105
0.5815102668838852
0.9191126309486526
0.6549229960152637
0.019947218153529175
0.5983012059424592
0.4550229965919089
0.4041726376995344
0.8800994666730638
0.5212487832869158
0.07792339444762135
0.7067209891306877
0.9986570889873932
0.2026427145739461
0.06328303976047293
0.6520409907904586
0.18389964836509565
0.8767175726678628
output weights 
0.450106941554008
0.6793490501587534
0.010403216408180727
0.5615067981208701
0.06273899899822334
0.4338902542298673
0.474697911350681
0.3236001974531329
0.69944547670888
0.9604583355036369
0.8399766705015339
0.6987002024747803
0.37254769885662475
0.27060455060658317
0.2648412646270837
0.6856789594124202
0.2248390159691389
0.0860789067106605
0.7754883237502711
0.21865550450322366
0.22762789031829753
0.519776398983586
0.8022601370979608
0.683150859618872
0.25550712539033776
0.6902809790035073
0.29299525532516396
0.17649009966062543
0.18867141183902358
0.2574415487194601
0.621606781829685
0.17189141764952956
0.042842701740595596
0.4370638229161477
0.5878470520580005
0.7566180791960487
0.04393141298659297
0.4372856133984172
0.8584398098350696
0.774223697730349
0.1947735095619914
0.6546710474088605
0.3573009348365195
0.8545559317233072
0.4238367484565374
0.4625717654668221
0.34356681990093685
0.7135617884166449
0.5145188675866773
0.4367917910934787
0.901689374256846
0.4114717038399918
0.686906201459434
0.3059386441509627
0.3131372894744191
0.30540106223682967
0.6057089827477957
0.14367809824441907
0.9498192921561112
0.8882201245394045
0.4088264848532736
0.6492053889513312
0.6790900263251606
0.04704354812026348
0.9110469230011919
0.8835056527071937
0.06100150521144068
0.6485228475485469
0.6661899802353278
0.6029998514237364
0.6771612854034197
0.11744641142897203
0.6922037973221956
0.6898728759233889
0.4123261287133346
0.4670433098940227
0.9798464518383225
0.2771518466127765
0.6891685695093693
0.5962061567259913
0.13172230378130803
0.49387804968750926
0.6608933321917599
0.14708823717518513
0.41975623898903686
0.8676959692663031
0.9815856164929628
0.20776365154033016
0.1108823299671951
0.5137310839493741
0.02970725042305459
0.8017990295759444
0.8800614512256616
0.16945264139381191
0.4845877230516999
0.011909057082622505
25.0
hidden weights 
0.882704135731892
0.5374447500483521
0.10413087497650482
0.19918247949680953
0.9092354285943334
0.47150043977612616
0.33970806327958614
0.511323289511957
0.7900320448255134
0.19173819753824117
0.345272418455225
0.6089893006412659
0.7315072260323574
0.5657464838282831
0.18193907016651942
0.7798670338554045
0.21256089519295185
0.575686190965055
0.28182364032351126
0.06797000351302993
0.3524428105628839
output weights 
0.6895746698736785
0.9619503103295165
0.19641807634358718
0.809156044898377
0.04889819645271019
0.16537893491848793
0.9049943620256343
0.6070935186547395
0.4115492889178623
0.08127037634810423
0.0949436831172748
0.2855275681947159
0.9279802200053014
0.10100734294366291
0.08414883065365754
0.7104553874887909
0.8311138129394466
0.19218616033012034
0.3832917133636894
0.9658318748183878
0.9268607397059498
0.4417860063581256
0.08571630896372599
0.4129788102040573
0.25063892437489305
0.09131684106397613
0.692187135123756
0.09941724986657292
0.45728499143780355
0.4288017909891272
0.9885834705411103
0.6627196694579599
0.9981665931624135
0.7855417201300933
0.295686014891774
0.9834675127832407
0.5807173127176238
0.33112055483622016
0.34615701781310515
0.7797318669257262
0.5910774160988472
0.720292172326669
0.7604580437239654
0.3572955683703096
0.31504740511594687
0.8953912229960955
0.9193883001276534
0.1454433579078742
0.15496238883242702
0.4717772248279616
0.19390096975776414
0.972293529354506
0.18332467140053682
0.7982134185671156
0.9656857157272725
0.89113784920605
0.02100452608367494
0.5048343865027282
0.16105188763782485
0.17251213936751347
0.43652591608794633
0.7013660313382297
0.08624349566020184
0.0450310140974913
0.603435516985992
0.6569514741480817
0.3439222364543355
0.3077397891514562
0.6616757557006454
0.21871100978931446
0.027077751425776828
0.8013068394871793
0.7918322217902519
0.02748756900118493
0.2801303296567804
0.43068784066612936
0.3135744442514641
0.9561733403974462
0.5818986007339852
0.6333768818240872
0.8463088482215119
0.7834023051464533
0.5761417114501839
0.6500231932461195
0.8845468644153467
0.6017065190231864
0.15795532414382335
0.9987488297486435
0.22483483084678685
0.2204659619130649
0.1937965793836171
0.09728739096239382
0.0697984732113013
0.1756613200135359